100
3 8
5 6 9 4 8 2 1 7
3 1
2
3 10
2 4 8 16 32 64 100 100 100 100
3 10
1 4 4 4 4 4 4 4 4 4
100 1
100
3 5
11 20 60 22 100
2 10
100 100 100 100 100 100 100 100 100 100
3 5
100 100 100 100 100
3 4
1 6 12 49
2 6
9 64 19 16 81 80
1 10
100 100 100 100 100 100 100 100 100 100
1 10
1 1 1 1 1 1 1 1 1 1
8 3
9 19 6
15 8
10 95 92 54 95 9 56 1
2 1
65
23 4
11 1 1 94
13 3
93 69 10
2 9
65 4 16 66 34 1 4 33 29
1 8
2 9 1 21 1 1 21 11
1 2
56 45
18 9
4 37 18 87 51 55 68 82 81
15 6
68 64 3 77 60 45
3 3
24 64 76
6 9
5 2 68 25 17 33 25 85 1
16 6
15 1 4 80 58 16
4 2
22 38
19 8
8 43 5 33 6 49 29 47
8 5
78 71 49 10 44
1 6
18 34 88 2 6 55
16 1
82
20 3
10 20 3
2 8
16 63 34 37 70 9 21 15
20 1
17
7 1
39
6 2
14 8
19 7
43 36 96 7 13 10 5
18 4
48 94 17 30
6 8
25 47 6 32 5 87 2 38
2 8
27 12 41 39 37 25 85 1
13 9
14 78 47 39 11 83 8 84 61
17 3
9 8 35
13 5
38 75 15 73 3
13 9
2 17 29 13 1 16 5 51 12
9 3
5 15 92
2 4
30 76 41 32
7 7
9 1 23 7 5 4 26
18 9
15 25 61 4 69 1 8 1 79
1 9
26 57 20 1 66 37 9 21 65
21 4
65 18 75 68
2 5
66 63 82 94 4
15 6
19 81 4 1 23 58
6 9
91 76 93 2 2 66 72 1 93
14 5
1 10 8 66 5
8 4
34 3 87 5
1 7
47 13 3 79 12 50 1
1 1
20
11 3
10 69 2
20 2
25 5
1 4
22 11 1 59
1 7
12 19 76 21 2 36 3
2 9
36 79 54 4 34 28 80 24 38
4 3
49 93 1
1 9
11 44 1 69 61 64 3 1 5
5 5
72 43 59 13 20
18 9
74 11 25 11 3 60 36 9 65
13 6
67 5 60 8 1 12
21 4
13 96 26 16
1 8
33 2 17 79 18 72 2 8
2 9
52 95 99 66 17 3 25 78 44
3 9
82 20 15 1 1 42 20 3 19
25 7
2 9 17 18 1 1 11
1 1
36
24 4
5 17 80 1
24 9
3 85 50 31 1 7 35 70 12
2 8
10 1 1 34 6 49 1 76
2 6
46 1 2 39 23 17
2 1
66
5 8
6 2 79 14 9 44 35 68
4 3
74 19 82
17 1
1
2 1
64
23 5
81 13 43 98 37
5 6
38 17 3 5 1 3
3 6
54 50 3 15 8 10
20 5
24 37 72 46 53
1 9
12 10 9 16 32 54 69 96 81
3 8
29 56 3 2 14 1 59 4
6 6
82 18 2 44 91 84
2 9
1 41 20 81 3 57 5 2 54
4 9
98 64 1 1 3 79 78 27 67
11 8
22 3 50 81 1 1 12 18
20 6
85 55 91 91 35 25
7 1
1
1 6
77 1 4 19 1 12
2 7
26 42 43 3 98 65 65
20 5
48 4 4 28 87
2 4
18 17 22 7
1 1
15
1 3
61 31 8
11 6
1 14 80 29 35 10
