20
2
0 3 0 2 10 2 3 -2
10 3 2 3 8 7 2 0
3
2 1 0 5 10 2 4 0
0 3 0 2 7 1 1 2
3 3 0 5 1 1 2 0
2
3 2 0 2 9 2 3 0
6 1 1 4 6 3 -1 -2
6
3414 2 -25 61 326 54788 -7 61
181452 8 -10 3 6717 12710 2 -498
223505 8 -62 77 280 13242 5 595
101271 3 -16 37 8692 213187 -4 -883
265384 8 -81 89 3249 13934 -5 -37
197549 4 -3 78 2761 22851 -10 560
3
41127 5 -83 -82 422428 7149 1 -34670
12531 9 7 8 227178 7149 0 10243
5382 10 -88 -79 1000000 7149 10 100000
1
161412 1 28 68 368869 413458 -7 44045
10
4062 10 -79 75 244875 48467 10 -10134
3377 10 -39 -2 421074 16479 5 8963
19900 10 11 64 518984 1840 -3 9427
54836 10 -33 -15 844406 20214 6 52500
190719 10 -10 41 826398 4712 -2 -77254
159765 10 37 46 353062 35520 6 46803
313240 10 -74 -34 930260 2288 1 -9996
912 10 0 66 873090 4432 -10 -89633
2117 10 -73 93 82150 6020 7 52557
88831 10 -94 64 423642 2154 6 -25088
10
3678 10 -49 -10 917477 840 -9 -55166
3678 10 -72 34 295635 840 -3 99269
3678 10 -66 87 930766 840 5 -75105
3678 10 -89 65 9652 840 -9 9173
3678 10 -61 -51 419004 840 -10 -10688
3678 10 -72 -2 961415 840 -4 17488
3678 10 -87 52 802379 840 -5 -26279
3678 10 -34 -31 458765 840 2 -33856
3678 10 -39 76 773892 840 4 -42645
3678 10 -39 19 916890 840 -5 -97551
10
112363 10 18 31 64311 20587 -8 72948
112363 10 -72 6 742305 20587 -4 35282
112363 10 17 99 466182 20587 -7 2294
112363 10 9 80 469553 20587 -10 31090
112363 10 -46 -30 283878 20587 -5 -24715
112363 10 -65 45 817968 20587 -7 82139
112363 10 -69 31 970686 20587 -9 -68143
112363 10 -35 68 823992 20587 9 -88408
112363 10 -72 52 941006 20587 -10 -51104
112363 10 -6 49 107041 20587 -6 -5371
10
213715 10 -8 80 224572 45207 -4 54544
13750 10 -42 33 312577 66126 -3 32419
88726 10 -26 16 478073 18648 -4 88107
19981 10 -83 15 43844 58006 -3 -2568
13711 10 22 44 272123 19317 -3 -10395
59274 10 50 72 851946 12463 6 -66867
3077 10 -87 54 182867 1461 -9 51628
27790 10 -65 -31 945265 15824 6 81766
62187 10 -60 63 428049 15637 0 92471
43593 10 -33 -18 898120 2698 7 44152
10
22695 10 -80 1 837898 7240 8 -74453
22695 10 -80 1 973602 7240 4 -1666
22695 10 -80 1 442820 7240 8 -32005
22695 10 -80 1 308271 7240 1 7403
22695 10 -80 1 975708 7240 2 -86724
22695 10 -80 1 785994 7240 -1 74203
22695 10 -80 1 899081 7240 -8 -81048
22695 10 -80 1 445857 7240 2 -8097
22695 10 -80 1 874721 7240 -2 -69546
22695 10 -80 1 964233 7240 -2 -78025
5
78106 9 61 81 5340 61026 -8 -364
24380 3 -52 -24 4327 77770 2 806
8286 9 -67 -59 7819 15675 9 204
48413 6 -81 -16 7899 126 4 193
250439 9 -63 79 496 27587 10 851
3
0 4 -100 -20 2597 918 2 -352
35979 9 -83 -1 3859 32110 -6 737
81798 2 -73 62 6295 133392 -7 -988
9
6438 9 -50 -21 7746 11772 3 -721
101306 1 31 61 6712 6438 10 157
3735 1 18 61 5171 5337 -7 -135
946 3 -40 4 7560 17508 -5 993
40673 1 -88 90 5479 3789 6 143
48709 5 1 56 9959 49645 5 -962
38165 4 -17 -8 846 161713 -4 319
60613 6 -11 75 487 5658 7 864
38028 5 10 42 4219 20900 0 -973
1
219065 8 -41 31 370 6704 6 736
4
36275 5 54 86 8009 36613 -2 -288
20308 10 -71 66 8756 10130 9 -33
21148 5 -95 -14 8420 16306 4 666
22133 4 36 39 8384 29947 9 568
4
27947 3 9 46 3144 1534 -1 860
166784 3 -18 99 3213 103355 -2 198
37663 10 -18 19 6238 5664 2 414
19421 5 -58 21 1496 5510 9 813
9
16243 10 -32 67 8610 14205 -7 9
220780 10 40 77 8953 17146 -8 -578
123726 8 44 61 2079 13419 10 944
93438 3 -7 59 8122 126244 -8 -841
16871 3 -96 -95 2853 36582 7 895
406431 2 -55 12 1265 47865 6 50
420 8 44 53 1524 19266 -8 147
49371 4 -62 -17 6734 11324 -8 -604
36091 6 -97 -40 3859 7505 5 -422
3
52963 9 -96 -61 9696 20876 0 566
133784 9 -95 95 7874 26019 -6 -112
12639 8 -23 85 7885 50867 3 154
10
43592 8 -99 -90 9650 27899 -10 463
7357 7 -93 17 6333 14642 -9 211
17878 4 -78 60 5609 68624 -3 -73
77410 8 16 22 9624 16745 8 -84
107699 7 -93 -2 3402 66333 10 352
47928 1 42 76 8413 4229 -10 843
209720 5 36 40 4678 5589 5 -231
69993 3 -22 63 5397 102258 -6 72
49244 3 -23 77 9857 25251 0 922
13468 8 -30 21 1179 3633 5 994
