20
2
0 3 0 2 10 2 3 -2
10 3 2 3 8 7 2 0
3
2 1 0 5 10 2 4 0
0 3 0 2 7 1 1 2
3 3 0 5 1 1 2 0
2
3 2 0 2 9 2 3 0
6 1 1 4 6 3 -1 -2
6
3414 2 -25 61 326 54788 -7 61
181452 8 -10 3 6717 12710 2 -498
223505 8 -62 77 280 13242 5 595
101271 3 -16 37 8692 213187 -4 -883
265384 8 -81 89 3249 13934 -5 -37
197549 4 -3 78 2761 22851 -10 560
1
204 8 -42 -40 1000000 5050 3 100000
7
30550 5 -43 -42 481652 30356 1 -44969
76723 7 -11 -10 378194 84341 0 27710
288808 10 -11 -10 253984 35777 0 13710
12661 3 -11 -10 346569 9566 0 12632
210052 2 -11 -10 465509 33549 0 29688
6607 6 -11 -10 186028 103552 0 43337
10072 5 -40 -39 1000000 6461 2 100000
10
20736 10 -91 -27 942611 7985 -2 -72315
140292 10 -60 40 570229 38394 5 -5048
126106 10 51 85 825842 16951 0 54490
35781 10 -54 33 989091 5706 -1 -65925
70376 10 -87 27 896957 13423 0 80740
11125 10 -5 53 570560 11774 6 -43375
3178 10 -44 -39 290721 21347 7 -30695
25920 10 -91 46 883141 5278 10 -40828
35216 10 -54 76 802441 8393 7 -11411
2555 10 -50 -18 959859 2854 -7 -93194
10
4691 10 -72 -23 406726 33724 7 35185
4691 10 -76 -8 332266 33724 -7 -10921
4691 10 -26 -5 268982 33724 -5 41877
4691 10 -66 22 168553 33724 6 25196
4691 10 83 90 912533 33724 10 -27681
4691 10 -94 16 856805 33724 2 -93362
4691 10 -30 32 954362 33724 4 -83923
4691 10 -53 -26 513273 33724 -6 -56461
4691 10 -1 19 203677 33724 -9 14297
4691 10 -48 33 639529 33724 -1 59289
10
220796 10 -63 45 176274 11591 8 71537
220796 10 -44 95 580296 11591 -9 71099
220796 10 27 36 437677 11591 2 52252
220796 10 -13 100 710417 11591 -2 -74514
220796 10 39 81 666157 11591 -9 66881
220796 10 -40 87 193557 11591 -1 87994
220796 10 47 56 454785 11591 3 9656
220796 10 -36 -28 881092 11591 4 -19878
220796 10 -72 -67 373169 11591 3 24932
220796 10 36 64 77495 11591 -6 -8162
10
23699 10 -90 95 754193 13193 -8 -65025
18584 10 -18 -7 826479 7687 9 -86034
5191 10 -98 -97 101498 5890 1 64454
176674 10 -91 -72 781912 42322 6 -45506
11839 10 -4 100 252948 4102 -8 -12467
79719 10 -44 69 66767 8873 -9 44400
3834 10 19 39 430785 1164 3 -36547
78362 10 -81 95 447729 24505 -6 -27556
222996 10 -3 73 718818 2512 -8 68480
33922 10 -62 -58 68409 19930 2 84501
10
31040 10 55 96 764818 2087 1 -53555
31040 10 55 96 654597 2087 1 -51006
31040 10 55 96 579501 2087 -2 -54610
31040 10 55 96 905043 2087 4 -73842
31040 10 55 96 411369 2087 1 57216
31040 10 55 96 962440 2087 1 -84868
31040 10 55 96 394371 2087 -8 70695
31040 10 55 96 559339 2087 1 -34773
31040 10 55 96 857144 2087 -8 25527
31040 10 55 96 406304 2087 4 28344
8
7053 9 -89 -4 5423 488 3 -656
21466 2 -99 2 8787 254190 -1 -731
2207 3 -87 12 1483 129381 8 443
51128 8 -24 95 1635 42307 6 -183
71878 2 -45 39 4455 197678 5 -756
40650 3 -23 73 5238 93799 10 -112
35148 6 40 96 7460 31740 -1 830
3332 7 1 37 5899 55016 -5 139
10
345012 1 79 90 8249 5033 -6 -979
12942 2 11 41 2624 168038 7 -505
167354 10 2 55 4407 9798 0 603
72279 6 -32 10 57 45483 -5 166
25256 10 -19 41 4201 848 0 519
2568 3 -75 16 7277 46738 5 -436
319029 4 -21 -17 8995 11908 8 -734
140042 2 58 95 7701 315421 0 823
12346 6 -98 -44 4511 11044 -5 62
7965 9 -22 49 5258 75559 -4 456
6
33609 10 5 47 7929 18606 -3 636
813 5 -88 9 4128 73669 -3 141
152273 6 48 57 4413 90403 -7 -777
384183 1 -5 29 7209 2833 9 102
53078 6 -71 87 8640 36151 -10 494
53195 3 -54 56 3139 30368 5 582
3
21164 4 0 19 4033 288 0 152
66543 4 -95 66 9723 58062 -8 -183
60761 7 -52 -25 9719 66135 -3 802
1
34947 10 12 33 4201 3985 -1 978
3
49420 7 34 86 2376 73965 6 154
335041 1 -11 -9 1962 2636 5 38
2836 7 -51 5 7975 12013 1 -599
7
11134 6 67 80 6459 16647 -10 -921
38124 7 -93 29 7107 7815 7 -571
43052 5 -63 5 5746 25470 -3 -314
40600 9 -95 4 9028 14493 -10 -788
38915 5 67 85 9772 28812 5 -478
2330 10 -71 27 1176 32218 -4 985
11865 8 -33 76 6739 1337 1 214
4
130437 7 -7 13 1218 38874 4 -14
6130 10 43 82 451 501 9 117
42223 8 -95 87 2759 61939 0 208
5898 10 -57 97 5647 3207 7 -390
3
4714 5 -38 100 538 4199 -2 123
23953 7 2 36 3510 20493 -2 -335
121052 3 29 39 5882 28774 -9 526
