25
2 9
13 13
13 1 13
13 2 13 13
13 0
13 1 13
13 1 13
13 1 13
13 1 13
13 0
13 0
1 1
2
2 3 1 2 3
2 15
3 1
1 3 3 1 3
2 2 1 3
3 1 2
3 0
2 2 2 2
1 0
2 0
1 1 2
3 1 1
3 1 3
3 2 1 2
2 1 3
3 1 2
3 1 1
1 1 1
2 20
1 4
4 0
4 3 2 1 4
3 1 1
3 0
1 2 1 2
3 0
4 1 3
1 0
3 0
2 2 2 2
1 3 1 3 4
2 0
2 1 4
2 3 3 3 1
1 1 2
1 2 4 4
2 2 3 1
2 1 1
3 0
3 4 3 4 4 3
3 19
1 1 1
1 0
1 0
1 0
1 0
1 0
1 0
1 1 1
1 1 1
1 1 1
1 1 1
1 1 1
1 1 1
1 1 1
1 1 1
1 1 1
1 2 1 1
1 2 1 1
1 2 1 1
1 2 1 1
1 1
2
2 0
3 3
1 1 1
1 0
1 0
1 0
1 20
3
3 1 1
1 0
2 2 1 2
1 1 1
2 1 3
2 2 3 3
3 0
3 0
2 2 2 1
1 0
2 0
1 1 2
1 2 3 2
3 0
2 3 2 3 2
1 1 1
1 1 1
1 0
1 0
2 3 1 1 2
1 20
10
3 2 12 5
11 2 1 3
8 2 12 11
19 1 8
12 1 19
2 2 3 12
18 2 17 2
20 4 12 19 12 18
6 2 9 20
9 1 6
7 1 9
16 1 7
1 1 16
13 1 1
14 1 13
4 1 14
17 1 4
15 1 17
5 1 15
10 1 5
2 15
3 1
2 0
3 0
3 2 3 3
3 2 3 2
2 0
2 1 3
1 3 2 1 1
3 2 3 3
2 0
1 0
3 2 2 3
3 2 2 3
1 0
2 1 2
1 1 1
20 15
1 5 2 1 3 1 2 2 3 3 1 4 4 5 5 3 1 2 5 3
5 2 3 5
5 3 1 2 1
5 2 4 5
2 2 3 2
4 1 1
5 0
1 2 2 3
3 1 1
3 0
1 0
4 0
5 1 2
5 3 2 2 5
2 2 3 4
5 1 2
1 1
2
1 1 1
1 4
1
1 0
1 2 1 3
2 0
3 1 2
10 20
1 2 3 4 5 6 7 8 9 10
8 1 8
2 0
4 0
1 0
10 1 10
3 0
5 1 5
9 1 9
8 0
6 1 6
4 1 4
3 1 3
5 0
7 0
9 0
7 1 7
6 0
1 1 1
2 1 2
10 0
3 20
2 2 1
2 1 1
3 1 2
2 0
3 2 2 2
3 2 2 3
3 1 3
3 2 1 2
2 2 1 3
3 0
1 1 2
1 3 2 3 1
1 2 1 2
1 1 2
1 1 2
1 1 3
3 2 2 3
1 3 1 3 1
3 3 1 3 1
1 0
3 4 1 3 2 2
2 20
4 7
6 1 10
2 3 6 6 19
17 1 13
9 2 8 2
14 1 10
5 2 5 18
15 1 1
8 1 4
7 4 17 12 6 14
4 1 5
11 1 9
13 3 14 10 8
1 3 20 8 11
18 4 14 4 12 2
12 1 3
10 2 13 17
19 2 7 16
20 3 10 14 4
16 1 20
3 1 15
1 20
2
1 3 2 4 3
4 2 3 3
1 4 4 1 4 2
2 3 2 4 3
3 2 2 2
4 0
1 2 1 1
4 0
3 2 2 1
3 3 4 3 1
3 1 2
3 3 2 2 3
1 0
3 4 4 3 2 4
1 1 1
4 1 4
2 1 4
4 0
2 1 4
3 1 2
23 5
3 3 1 4 3 2 3 4 4 4 4 3 4 3 2 2 2 3 2 3 2 3 4
1 2 1 3
3 3 4 1 3
3 1 1
2 0
4 0
3 5
2 2 1
1 0
2 2 1 2
1 1 2
1 0
2 3 1 1 1
4 10
6 3 3 5
3 2 6 4
6 2 2 2
2 4 3 4 6 1
4 2 6 5
3 0
6 1 3
5 2 2 5
5 2 5 6
3 1 6
1 3 5 5 1
2 13
2 2
2 0
2 0
2 0
2 0
2 0
2 3 2 2 2
2 2 2 2
2 1 2
2 1 2
2 1 2
2 1 2
2 0
2 1 2
1 2
2
2 0
2 1 2
3 20
1 1 1
1 2 3 3
1 0
2 2 2 1
2 6 3 3 1 1 1 2
1 1 2
3 1 3
1 1 1
1 0
3 1 3
3 3 2 3 1
1 2 2 2
1 2 3 1
2 0
1 2 2 2
3 1 1
3 1 3
1 0
1 1 1
2 0
2 1 2
3 10
2 1 2
2 2 1 2
2 2 2 1
1 3 1 2 1
2 1 1
2 0
1 1 2
2 3 1 1 2
2 0
2 0
2 2 2 2
1 1
2
1 3 1 2 3
