25
3 20
3 4 3
4 3 4 4 2
1 2 3 2
2 2 2 1
2 1 4
3 1 1
1 1 3
3 1 2
1 1 2
2 1 4
4 2 1 4
3 0
2 2 1 2
2 3 3 3 4
2 0
1 2 1 1
3 0
3 3 3 3 1
2 0
1 1 4
1 2 4 2
2 15
1 3
3 0
1 2 2 1
3 1 3
1 1 3
3 1 2
2 1 1
1 1 2
2 0
1 0
2 2 3 3
1 0
1 0
3 0
1 2 1 1
3 1 1
23 5
1 4 2 2 4 1 4 3 4 3 4 3 4 1 4 1 4 1 4 3 3 1 1
3 1 3
2 0
3 2 3 4
4 2 2 4
2 1 3
3 5
1 1 2
1 1 1
2 0
1 3 1 2 1
1 1 2
2 1 1
1 2
2
2 0
2 1 2
3 15
2 3 1
2 0
3 6 2 1 3 2 2 3
1 1 2
3 0
2 1 2
1 0
1 2 1 2
3 0
2 2 3 1
1 2 3 3
1 3 2 1 1
2 1 3
1 0
2 1 2
3 2 3 2
1 1
2
1 1 1
6 20
2 2 3 2 3 3
1 2 3 1
1 0
2 3 2 1 2
1 0
3 1 3
1 0
2 2 2 2
1 3 3 2 1
1 3 1 3 3
2 1 1
2 2 1 2
1 1 2
2 2 3 2
3 0
3 0
1 1 1
1 2 2 1
2 1 3
2 0
3 0
3 10
1 2 2
2 4 1 2 1 2
2 0
2 0
1 2 1 2
2 1 2
2 0
2 2 2 1
2 1 2
2 1 1
2 3 2 1 2
3 3
1 1 1
1 0
1 0
1 0
1 20
2
5 1 14
1 1 5
14 1 1
9 3 11 14 6
7 1 9
16 1 7
13 1 16
17 2 14 13
11 1 17
19 3 7 14 11
20 1 19
8 1 20
10 1 8
3 1 10
15 3 14 3 3
6 1 15
12 1 6
4 2 6 12
18 2 13 4
2 1 18
3 10
6 6 5
5 1 3
1 4 4 3 6 3
4 1 4
6 2 4 1
1 2 5 4
6 3 6 5 2
1 1 4
6 2 6 1
4 1 5
4 3 2 1 5
3 19
1 1 1
1 0
1 0
1 0
1 0
1 0
1 0
1 1 1
1 1 1
1 1 1
1 1 1
1 1 1
1 1 1
1 1 1
1 1 1
1 1 1
1 2 1 1
1 2 1 1
1 2 1 1
1 2 1 1
1 1
2
2 0
2 20
1 1
2 2 4 2
4 0
3 2 1 4
2 1 4
1 1 1
3 2 2 3
3 0
1 2 4 1
2 1 3
4 4 3 1 2 3
3 0
1 4 1 2 1 1
2 0
2 2 1 3
3 1 1
2 0
3 2 4 3
3 2 1 2
1 1 4
2 2 2 3
2 13
2 2
2 1 2
2 1 2
2 0
2 1 2
2 1 2
2 0
2 3 2 2 2
2 2 2 2
2 0
2 0
2 0
2 0
2 1 2
1 4
1
1 0
1 2 1 3
2 0
3 1 2
2 20
12 9
7 2 9 12
1 4 12 15 11 11
13 1 16
17 2 10 18
18 3 15 2 7
2 1 14
12 2 8 3
11 2 13 10
16 2 8 14
4 5 20 6 11 15 5
9 2 4 5
5 2 20 6
14 2 16 19
15 1 13
8 1 4
19 1 20
3 1 2
10 2 16 1
6 1 17
20 1 8
1 20
1
2 0
1 0
3 2 3 3
2 2 2 1
2 1 3
1 1 3
1 1 2
2 2 1 2
2 1 1
3 2 1 2
3 0
3 2 1 2
1 2 2 2
1 2 1 1
2 1 1
3 2 3 2
1 0
1 0
1 0
1 1 1
10 20
1 2 3 4 5 6 7 8 9 10
3 1 3
1 0
5 0
8 0
10 1 10
3 0
6 1 6
9 0
4 0
8 1 8
2 1 2
7 1 7
5 1 5
10 0
4 1 4
2 0
9 1 9
7 0
1 1 1
6 0
2 9
13 13
13 1 13
13 0
13 0
13 1 13
13 1 13
13 2 13 13
13 1 13
13 1 13
13 0
1 1
2
2 3 1 2 3
1 1
2
1 3 1 2 3
3 20
3 3 2
2 2 3 2
3 4 3 3 3 1
3 0
2 1 1
1 0
1 0
2 1 2
1 1 3
3 1 2
3 5 3 3 3 3 2
1 2 1 1
1 2 2 2
2 0
2 1 2
2 1 1
1 1 3
2 2 1 3
1 1 3
1 1 3
2 1 3
20 15
5 5 5 1 4 5 2 1 2 5 4 3 5 5 5 3 5 2 2 5
1 0
5 0
4 2 1 2
4 3 2 4 1
5 1 5
3 1 4
1 3 2 5 1
1 2 5 5
3 1 3
3 1 1
2 0
3 1 2
4 2 4 5
3 2 2 1
5 1 3
