100
379 759
255 288
1 104
4 485
7 10
610 798
108 596
356 924
29 431
556 988
7 302
9 302
1 5
3 485
484 485
3 4
34 886
1 1
7 121
120 221
100 1000
734 766
449 638
108 537
121 484
503 642
40 223
42 952
21 122
10 120
122 839
3 10
208 678
1 484
619 769
614 697
1 221
303 451
3 65
4 4
859 965
8 302
722 935
1 1000
1 9
665 953
169 337
122 483
3 5
1 302
1 4
1 742
67 475
1 121
2 450
377 473
122 1000
3 742
120 302
7 109
151 715
9 10
1 2
65 302
222 294
121 584
321 940
1 10
3 104
2 885
90 536
8 122
142 726
550 582
120 584
3 6
483 584
1 6
7 9
8 485
65 584
1 109
3 109
483 742
303 484
65 484
128 569
21 484
4 122
334 983
325 814
207 589
1 485
1 122
120 742
120 485
406 991
9 485
365 711
857 872
