100
1 0 2
14 0 4
14 1 1
8 -4 0
5 1862 0
9 -2 2
5 0 2
1 0 2
10 -3 1
19 -6 0
15 9742 7714
6 2 0
6 0 0
16 2 0
12 -4 0
18 0 2
20 -4 2
4 8336 5920
2 2 0
9 3136 0
3 489 4807
6 -3 1
6 -2 2
3 -2 0
1 1 1
8 0 7042
11 -2 0
4 -1 1
19 6 0
19 2 0
19 -4 0
13 3 1
17 4 0
14 4856 0
15 0 4
19 -3 1
10 3 1
15 -6 0
5 0 4
16 -4 0
3 5692 0
6 -2 0
16 0 4
15 0 4
4 0 0
3 2 0
1 0 0
1 0 0
18 -5 1
20 2 2
14 -1 3
1 0 9816
18 2 0
11 0 7102
11 4 0
3 1 1
6 2 0
7 2 2
20 -3 3
9 -2 0
5 -7332 0
6 4 0
12 2 0
13 2 2
10 0 6536
12 -2 2
8 3 1
5 0 2
20 3 3
6 4169 945
16 0 4262
10 -3 1
5 0 4
15 0 0
11 2 2
1 0 2
4 -1 1
12 2 0
20 3307 5151
4 0 2
17 -1 1
12 2 2
10 0 0
20 3243 3311
8 0 0
17 0 0
5 -6816 0
14 0 4
7 1445 687
12 0 4
1 0 2
1 2 0
13 0 4
4 -2 0
19 -1 3
16 2 0
20 0 0
13 0 0
15 4350 0
5 -2 0
