100
3 3
2 1 2
1 1 1
2 1 2
5 5
2 2 2 2 2
2 1 1 1 2
2 1 2 1 2
2 1 1 1 2
2 2 2 2 2
10 10
2 2 2 2 2 2 2 2 2 2
2 2 2 2 2 2 2 2 2 2
2 2 2 2 2 2 2 2 2 2
2 2 2 2 2 2 2 2 2 2
2 2 2 2 2 2 2 2 2 2
2 2 2 2 2 2 2 2 2 2
2 2 2 2 2 2 2 2 2 2
2 2 2 2 2 2 2 2 2 2
2 2 2 2 2 2 2 2 2 2
2 2 1 2 2 2 2 2 2 2
10 10
1 1 1 1 2 1 2 1 1 2
1 1 1 1 1 1 1 1 1 1
1 1 1 1 1 1 1 1 1 1
1 1 1 1 1 1 1 1 1 1
1 1 1 1 2 1 2 1 1 2
1 1 1 1 1 1 1 1 1 1
1 1 1 1 2 1 2 1 1 2
1 1 1 1 2 1 2 1 1 2
1 1 1 1 1 1 1 1 1 1
1 1 1 1 1 1 1 1 1 1
3 7
2 2 2 2 2 1 2
2 2 2 2 2 1 2
2 2 2 2 1 2 2
8 5
1 2 1 2 1
1 1 1 1 1
1 2 1 2 1
1 1 1 1 1
1 2 1 2 1
1 2 1 2 1
1 2 1 2 1
1 1 1 1 1
3 7
2 2 1 2 2 2 2
2 2 2 2 2 2 2
2 2 2 2 2 2 2
8 5
2 2 2 2 2
2 2 2 2 2
2 2 2 2 2
2 2 2 2 2
2 2 2 2 2
1 2 2 2 2
2 2 2 2 2
2 2 2 2 2
10 10
1 1 1 1 1 1 1 1 1 1
2 2 1 2 2 2 1 1 1 1
2 2 1 2 2 2 1 1 1 1
1 1 1 1 1 1 1 1 1 1
1 1 1 1 1 1 1 1 1 1
1 1 1 1 1 1 1 1 1 1
1 1 1 1 1 1 1 1 1 1
2 2 1 2 2 2 1 1 1 1
1 1 1 1 1 1 1 1 1 1
1 1 1 1 1 1 1 1 1 1
8 10
1 2 2 2 1 1 2 2 1 2
1 1 1 2 2 1 1 1 2 1
1 1 1 2 1 2 2 2 2 1
2 1 1 2 1 2 1 1 1 2
2 1 2 2 2 1 1 1 2 2
1 2 1 1 1 1 2 2 2 2
1 2 1 1 1 1 2 2 2 1
1 2 1 2 2 2 2 2 2 1
3 5
1 1 1 1 1
1 2 2 2 2
1 2 2 2 2
10 10
2 2 2 2 2 2 2 2 2 2
2 2 2 2 2 2 2 2 2 2
2 2 2 2 2 2 2 2 2 2
2 2 2 2 2 2 2 2 2 2
2 2 2 2 2 2 2 2 2 2
2 2 2 2 2 2 2 2 2 2
2 2 2 2 2 2 2 2 2 2
2 2 2 1 2 2 2 2 2 2
2 2 2 2 2 2 2 2 2 2
2 2 2 2 2 2 2 2 2 2
2 1
1
1
8 5
2 1 2 2 1
1 2 2 2 2
2 1 2 2 1
2 2 2 2 1
1 2 2 2 1
2 2 1 1 1
2 2 2 1 2
1 2 2 2 2
7 3
1 1 2
1 1 1
2 1 1
2 2 2
2 2 2
2 1 2
2 2 2
6 5
2 2 2 2 2
2 2 2 1 2
2 2 2 2 2
2 2 2 2 2
2 2 2 2 2
2 2 2 2 2
5 10
1 2 2 1 1 2 1 2 2 1
1 2 2 1 1 2 1 2 1 1
1 1 1 1 1 1 1 1 1 1
1 1 1 1 1 1 1 1 1 1
1 2 2 1 1 2 1 2 2 1
7 3
1 1 2
1 1 1
1 1 1
1 2 2
1 1 2
2 2 1
2 1 1
3 10
1 1 1 2 1 2 1 2 2 1
1 1 2 1 2 2 1 2 2 2
2 1 1 2 2 2 1 2 2 1
1 2
1 1
3 7
1 1 2 1 2 2 1
1 1 2 1 2 2 1
1 1 1 1 1 1 1
1 1
1
10 10
2 2 2 2 2 2 2 2 1 2
2 2 2 2 2 2 2 2 2 2
2 2 2 1 2 1 2 2 2 2
2 2 2 2 2 2 2 2 2 2
2 2 2 1 2 2 2 2 2 2
2 2 2 2 2 2 2 2 2 2
2 2 2 2 1 1 2 2 2 2
1 2 2 2 2 2 2 2 2 2
2 2 2 2 2 2 2 2 2 1
2 2 1 2 1 2 2 2 2 2
9 9
1 2 2 1 2 2 1 2 2
1 2 1 1 2 2 2 1 2
2 1 1 1 2 2 1 1 2
1 1 1 1 1 2 2 1 2
1 2 1 1 1 2 2 2 1
2 1 1 2 2 2 2 1 2
1 1 2 1 2 1 2 1 1
1 1 2 1 1 1 1 2 1
2 1 1 1 2 2 2 2 1
10 9
1 1 1 2 2 2 2 1 1
1 1 1 1 1 1 1 1 1
2 1 1 2 2 2 2 1 1
1 1 1 1 1 1 1 1 1
1 1 1 1 1 1 1 1 1
1 1 1 1 1 1 1 1 1
1 1 1 1 1 1 1 1 1
1 1 1 1 1 1 1 1 1
2 1 1 2 2 2 2 1 1
2 1 1 2 2 2 2 1 1
5 4
2 2 2 2
2 2 2 2
2 1 2 2
2 2 2 2
2 2 2 2
5 8
2 2 2 1 1 1 2 2
1 2 1 1 1 1 1 1
2 1 1 1 1 1 2 2
2 1 1 2 1 2 2 2
2 2 1 2 1 2 1 2
2 1
1
1
10 8
2 2 2 2 2 2 2 2
2 2 2 2 2 2 2 2
2 1 2 2 2 2 2 2
2 2 2 2 2 2 2 2
2 2 2 2 2 2 2 2
2 2 2 2 2 2 2 2
2 2 2 2 2 2 2 2
2 2 2 2 2 2 2 2
2 2 2 2 2 2 2 2
2 2 2 2 2 2 2 2
5 3
1 1 1
1 1 2
1 1 2
1 1 1
1 1 2
6 4
1 1 1 1
1 2 1 1
1 2 1 1
1 2 1 1
1 1 1 1
1 2 1 1
10 9
2 2 2 2 2 2 2 2 2
2 2 2 2 2 2 2 2 2
2 1 2 2 1 2 2 2 2
2 2 2 2 2 1 2 2 2
2 2 2 2 2 2 2 1 2
2 2 2 2 2 2 2 2 2
2 2 2 2 2 2 2 2 2
2 2 2 2 2 2 2 2 2
2 2 2 2 2 2 2 2 2
2 2 2 2 2 2 2 2 2
7 1
1
1
2
1
1
2
1
8 5
2 2 2 2 2
1 2 2 2 2
2 2 2 2 2
2 2 2 2 2
2 2 2 2 2
2 2 2 2 2
2 2 2 2 2
2 2 2 2 1
10 3
2 2 2
1 2 1
2 2 2
2 1 2
2 2 2
2 2 2
2 2 2
2 1 2
2 2 1
2 2 2
10 8
1 1 1 1 1 1 1 1
1 2 2 1 1 2 1 2
1 1 1 1 1 1 1 1
1 1 1 1 1 1 1 1
1 1 1 1 1 1 1 1
1 1 1 1 1 1 1 1
1 2 2 1 1 2 1 2
1 1 1 1 1 1 1 1
1 1 1 1 1 1 1 1
1 1 1 1 1 1 1 1
6 7
2 2 1 2 2 2 2
2 2 2 2 2 2 2
2 2 2 2 2 2 2
2 2 2 2 2 2 2
2 2 2 2 2 2 2
2 2 2 2 2 2 2
9 10
1 2 1 1 2 1 2 1 2 1
2 1 2 2 2 2 2 1 2 1
2 1 1 1 1 2 1 2 1 2
2 1 1 1 2 2 1 1 2 1
1 1 1 2 1 2 1 2 2 1
2 2 1 2 1 1 2 2 1 1
2 1 1 1 2 2 2 1 1 2
1 1 1 1 2 2 1 1 2 1
1 2 2 1 1 1 2 2 2 1
4 2
2 2
2 1
2 2
2 2
6 4
2 2 2 1
2 1 1 2
1 2 2 2
2 2 1 2
1 2 1 2
2 2 2 1
10 10
2 2 2 2 2 2 2 2 2 2
2 2 2 2 2 2 2 2 2 2
2 2 2 2 2 2 2 2 2 2
2 2 2 2 2 2 2 2 2 2
2 2 2 2 2 2 2 2 2 2
2 2 2 2 2 2 2 2 2 2
2 2 2 2 2 2 2 2 2 2
2 2 2 2 2 2 2 2 2 2
2 2 2 2 2 2 2 2 2 2
2 2 2 1 2 2 2 2 2 2
5 4
1 2 1 1
2 2 1 2
1 2 2 1
2 2 2 2
2 1 2 1
5 8
1 2 2 2 1 2 2 1
2 2 1 1 1 2 2 2
2 2 1 1 2 2 2 2
2 1 2 2 2 2 1 2
2 2 2 1 2 1 1 2
4 2
2 2
2 1
1 1
2 2
1 2
1 1
9 3
1 2 2
1 1 1
1 1 1
1 1 1
1 1 1
1 1 1
1 1 1
1 2 2
1 1 2
6 7
2 2 2 1 2 1 1
1 1 1 1 1 1 1
2 2 2 1 2 1 1
1 1 1 1 1 1 1
1 1 1 1 1 1 1
1 1 1 1 1 1 1
5 6
2 1 2 2 1 1
2 1 1 1 2 2
1 2 2 2 1 1
1 2 1 2 1 2
1 2 2 2 2 1
5 10
2 2 2 2 2 1 1 1 2 1
2 2 2 2 2 1 1 1 2 1
1 1 1 1 1 1 1 1 1 1
1 1 1 1 1 1 1 1 1 1
2 2 2 2 2 1 1 1 2 1
10 10
2 2 2 2 2 2 2 2 2 1
2 2 2 2 2 2 2 2 2 2
2 2 2 2 2 2 2 2 2 2
2 2 2 2 2 2 2 2 2 2
2 2 2 2 2 2 2 2 2 2
2 2 2 2 2 2 2 2 1 2
2 2 2 2 2 2 2 2 2 2
2 2 2 2 2 2 2 2 2 2
2 2 2 2 2 2 2 2 2 2
2 2 2 2 2 2 2 2 2 2
3 7
1 1 1 1 1 1 1
1 2 1 2 1 2 2
1 1 1 1 1 1 1
2 4
2 1 1 1
1 2 2 2
10 10
1 1 1 1 1 1 1 1 1 1
1 1 1 1 1 1 1 1 1 1
1 1 1 1 1 1 1 1 1 1
1 1 2 1 1 1 1 1 1 1
1 1 1 1 1 1 1 1 1 1
1 1 1 1 1 1 1 1 1 1
1 1 1 1 1 1 1 1 1 1
1 1 1 1 1 1 1 1 1 1
1 1 1 1 1 1 1 1 1 1
1 1 1 1 1 1 1 1 1 1
3 6
1 2 2 2 2 2
2 2 2 2 2 2
2 2 2 2 2 2
8 5
2 2 2 2 2
2 2 2 2 2
2 2 2 2 2
2 2 2 2 2
2 2 2 2 2
2 2 2 2 2
2 2 2 2 2
2 1 2 2 2
3 9
2 1 2 2 1 2 1 1 1
2 1 2 2 2 2 2 2 2
2 2 2 1 2 2 1 2 1
10 10
1 2 2 2 1 1 2 2 1 1
2 2 2 1 2 2 1 1 1 1
2 1 1 1 1 1 1 2 1 1
2 2 1 1 2 1 2 2 1 2
2 2 1 2 1 2 1 2 2 1
2 2 1 2 2 1 2 2 1 1
2 1 2 2 1 2 1 2 2 1
1 1 1 1 2 2 2 2 1 1
1 2 2 2 1 2 2 1 2 2
1 2 1 2 2 1 1 2 1 1
3 6
2 2 2 2 2 2
2 2 2 2 2 2
1 2 2 2 1 2
9 3
2 2 2
2 2 2
2 2 2
2 1 2
2 2 2
2 2 2
2 2 1
2 2 2
2 2 1
6 5
1 2 2 2 2
2 2 2 2 2
2 2 2 2 2
2 2 2 2 2
2 2 2 2 2
2 2 2 2 2
4 2
2 2
2 2
1 1
2 2
5 10
1 2 2 2 2 1 2 1 2 2
2 1 2 2 1 2 1 2 2 2
2 2 2 1 2 2 1 1 2 2
2 2 2 1 1 2 2 2 1 1
2 1 1 1 2 2 2 2 2 1
8 5
1 1 2 2 2
1 1 1 1 1
1 1 2 2 2
1 1 1 1 1
1 1 1 1 1
1 1 1 1 1
1 1 2 2 2
1 1 1 1 1
3 7
2 2 1 2 2 2 1
2 2 1 2 2 2 2
2 1 2 2 2 1 1
10 10
1 1 1 1 1 1 1 1 1 1
1 1 1 1 1 1 1 1 1 1
1 1 1 1 1 1 1 1 1 1
1 1 1 1 1 1 1 1 1 1
1 1 1 1 1 1 1 1 1 1
1 1 1 1 1 1 1 1 1 1
1 1 1 1 1 1 1 1 1 1
1 1 1 1 1 1 1 1 1 1
1 1 1 1 1 1 1 1 1 1
1 1 1 1 1 1 1 1 1 1
3 5
2 2 2 2 2
2 2 2 2 2
2 2 2 1 2
10 10
1 1 1 1 1 1 1 1 1 1
1 1 1 1 1 1 1 1 1 1
1 1 1 1 2 1 1 1 1 1
1 1 1 1 1 1 1 1 1 1
1 1 1 1 1 1 1 2 1 1
1 1 1 1 1 1 1 1 1 1
1 1 1 1 1 1 1 1 1 1
1 1 1 1 1 1 1 1 1 1
1 1 1 1 1 1 1 1 1 1
1 1 1 1 1 1 1 1 1 1
3 6
1 1 1 2 1 2
1 1 1 1 1 1
1 1 1 1 1 1
3 7
2 1 2 1 2 2 1
2 1 2 1 1 2 1
2 1 2 1 2 2 1
9 9
2 2 2 2 2 2 2 2 2
2 2 2 2 2 2 2 2 2
2 2 2 2 2 2 2 2 2
2 2 2 2 2 2 2 2 2
2 2 2 2 2 2 2 2 2
2 2 2 2 2 2 2 2 2
2 2 2 2 2 2 2 2 2
2 2 2 2 2 2 2 2 2
2 2 2 2 2 2 1 2 2
4 2
2 2
2 2
1 2
2 1
9 9
2 2 1 2 2 1 1 1 1
1 1 2 1 1 2 2 2 1
2 2 1 1 1 2 1 1 1
1 2 1 1 2 2 2 2 2
1 1 2 2 2 2 1 1 1
1 2 2 1 2 1 2 1 1
2 2 2 2 1 2 2 2 1
2 1 2 2 1 2 1 2 2
2 2 1 2 2 2 1 1 2
10 5
1 2 2 2 2
1 2 2 2 1
1 1 1 1 1
1 1 1 2 2
1 1 2 1 1
1 1 2 1 1
1 2 2 2 2
1 2 1 1 1
1 1 2 2 2
1 1 1 2 2
7 1
1
1
1
1
1
1
1
6 5
2 1 1 2 2
1 1 1 1 1
2 1 1 2 2
2 1 1 2 2
2 1 1 2 2
2 1 1 2 2
10 10
2 2 2 2 2 2 2 2 1 2
2 2 2 2 2 2 2 2 2 2
2 2 2 2 2 2 2 2 2 2
2 2 2 2 2 2 2 2 2 2
2 2 2 2 2 2 2 2 2 2
2 2 2 2 2 2 2 2 2 2
2 2 2 2 2 2 2 2 2 2
2 2 2 2 2 2 2 2 2 2
2 2 2 2 2 2 2 2 2 2
2 2 2 1 2 2 2 2 2 2
2 4
1 1 1 1
1 1 1 1
2 1
1
1
7 6
2 1 2 2 1 2
2 1 2 2 1 1
1 1 2 1 1 2
2 2 1 2 2 1
1 2 1 1 2 1
1 1 2 1 1 2
1 2 1 2 1 2
10 8
2 2 2 2 2 2 2 2
2 2 2 1 2 2 2 2
2 2 2 2 2 2 2 2
2 2 2 2 1 1 2 2
2 1 2 1 2 2 2 1
2 2 2 2 2 2 2 2
2 2 2 2 2 2 2 2
2 2 2 2 2 2 2 2
2 2 2 2 2 2 2 2
2 2 2 2 2 2 2 2
6 7
2 2 1 2 2 1 1
2 2 1 1 2 2 1
1 1 1 2 2 2 2
1 1 1 1 2 2 2
1 1 1 2 1 1 2
1 1 2 2 2 1 2
10 10
1 1 2 2 2 2 2 1 2 1
1 1 2 2 1 2 2 2 2 2
1 1 1 2 1 1 1 2 1 1
2 1 2 2 2 2 2 1 1 2
1 1 1 1 2 2 1 1 1 1
2 2 1 2 1 2 2 1 2 1
2 1 2 1 1 2 1 1 2 1
2 2 2 2 2 1 1 1 2 1
1 2 1 1 1 1 1 1 2 1
2 2 2 1 2 2 2 1 2 1
6 4
2 2 2 2
2 2 2 2
2 2 2 2
2 2 2 2
2 2 2 1
2 2 2 2
5 4
1 2 1 2
1 2 1 2
1 1 1 1
1 2 1 2
1 2 1 2
3 5
2 2 2 1 2
1 1 1 2 1
1 1 1 1 2
9 3
1 1 1
1 1 1
1 1 1
1 1 1
1 1 1
1 1 1
1 1 1
2 2 1
2 2 1
10 9
2 2 2 1 1 1 1 2 1
1 1 1 1 1 1 1 1 1
2 2 2 1 1 1 1 2 1
2 2 2 1 1 1 1 2 1
1 1 1 1 1 1 1 1 1
2 2 2 1 1 1 1 2 1
2 2 2 1 1 1 1 2 1
1 1 1 1 1 1 1 1 1
2 2 2 1 1 1 1 2 1
2 2 2 1 1 1 1 2 1
2 4
2 2 2 2
1 2 1 2
1 1
2
10 3
2 2 1
1 2 1
1 1 1
2 2 1
1 1 1
2 2 1
1 1 1
2 2 1
2 2 1
2 2 1
4 6
1 1 2 1 1 1
2 2 1 2 1 1
1 1 2 1 2 1
2 1 1 2 2 1
10 3
2 2 2
2 2 2
1 1 1
1 1 1
1 1 1
1 1 1
2 2 2
2 2 2
1 1 1
1 1 1
10 10
1 1 1 1 1 1 1 1 1 1
1 1 1 1 1 1 1 1 1 1
1 1 1 1 1 1 1 1 1 1
1 1 1 1 1 1 2 1 1 1
1 1 1 1 1 1 1 1 1 1
1 1 1 1 1 1 1 1 2 1
1 1 1 1 1 1 1 1 1 1
1 1 1 1 1 1 1 1 1 1
1 1 1 1 1 1 1 1 1 1
1 1 1 1 1 1 1 1 1 1
2 4
2 2 2 2
1 2 2 2
1 2
2 2
6 3
2 2 2
1 1 1
1 2 2
2 1 1
2 2 2
1 1 2
9 9
2 1 2 1 1 1 2 2 1
1 1 1 1 1 1 1 1 1
2 1 2 1 1 1 2 2 1
2 1 2 1 1 1 2 2 1
1 1 1 1 1 1 1 1 1
2 1 2 1 1 1 2 2 1
2 1 2 1 1 1 2 2 1
2 1 2 1 1 1 2 2 1
2 1 2 1 1 1 2 2 1
1 7
2 1 1 2 1 1 1
1 7
2 1 1 2 2 2 1
10 10
1 1 1 1 1 1 1 1 1 1
1 1 1 1 1 1 1 1 1 1
1 1 1 1 1 1 1 1 1 1
1 1 1 1 1 1 1 1 1 1
1 1 1 1 1 1 1 1 1 2
1 1 1 1 1 1 1 1 1 1
1 1 1 1 1 1 1 1 1 1
1 1 1 1 1 1 1 1 1 1
1 1 1 1 1 1 1 1 1 1
1 1 1 1 1 1 1 1 1 1
